72
127
4 47
47 22
22 32
32 5
5 71
71 48
48 6
4 38
38 9
9 8
8 55
55 16
16 70
70 23
23 56
38 37
47 37
9 28
37 28
8 1
28 1
55 54
1 54
16 50
54 50
70 2
50 2
23 39
2 39
56 30
39 30
37 7
22 7
28 36
7 36
1 62
36 62
54 59
62 59
50 13
59 13
2 41
13 41
39 3
41 3
30 45
3 45
7 35
32 35
36 24
35 24
62 46
24 46
59 42
46 42
13 27
42 27
41 29
27 29
3 57
29 57
45 34
57 34
35 0
5 0
24 52
0 52
46 43
52 43
42 66
43 66
27 33
66 33
29 18
33 18
57 69
18 69
34 12
69 12
0 25
71 25
52 14
25 14
43 31
14 31
66 65
31 65
33 21
65 21
18 68
21 68
69 26
68 26
12 20
26 20
25 67
48 67
14 61
67 61
31 51
61 51
65 53
51 53
21 63
53 63
68 11
63 11
26 44
11 44
20 15
44 15
67 17
6 17
61 49
17 49
51 60
49 60
53 58
60 58
63 10
58 10
11 19
10 19
44 64
19 64
15 40
64 40
