56
97
20 22
22 9
9 1
1 10
10 17
17 21
20 11
11 25
25 14
14 4
4 42
42 33
33 54
11 3
22 3
25 2
3 2
14 48
2 48
4 13
48 13
42 50
13 50
33 43
50 43
54 7
43 7
3 16
9 16
2 31
16 31
48 29
31 29
13 40
29 40
50 30
40 30
43 24
30 24
7 35
24 35
16 45
1 45
31 34
45 34
29 39
34 39
40 47
39 47
30 15
47 15
24 49
15 49
35 23
49 23
45 52
10 52
34 44
52 44
39 28
44 28
47 8
28 8
15 26
8 26
49 0
26 0
23 6
0 6
52 27
17 27
44 37
27 37
28 5
37 5
8 46
5 46
26 12
46 12
0 32
12 32
6 18
32 18
27 55
21 55
37 36
55 36
5 41
36 41
46 53
41 53
12 19
53 19
32 38
19 38
18 51
38 51
